MEMORY
  total           13722 KB
  struct            159 KB
  buffer            251 KB
  arena           13312 KB, used 0.2%

SIZES
  narena                13631488
  nbuffer               257152
  nplugin               0
  maxuse_stack          1888
  maxuse_arena          30704
  maxuse_con            5
  maxuse_efc            20
  ncon                  5
  ne                    0
  nf                    0
  nl                    0
  nefc                  20
  nJ                    120
  nA                    0
  nisland               1
  nidof                 6
  ntree_awake           1
  nbody_awake           8
  nparent_awake         7
  nv_awake              6
  threadpool            0

TIMER
    0:  duration =  0.13       number = 1
    1:  duration =  0.12       number = 1
    2:  duration =  0          number = 0
    3:  duration =  0.1        number = 1
    4:  duration =  0.0034     number = 1
    5:  duration =  0.00079    number = 1
    6:  duration =  0.013      number = 1
    7:  duration =  0.0028     number = 1
    8:  duration =  0.0034     number = 1
    9:  duration =  0.00058    number = 1
    10:  duration =  0.074      number = 1
    11:  duration =  0.024      number = 1
    12:  duration =  4e-05      number = 1
    13:  duration =  0.005      number = 1
    14:  duration =  0.0098     number = 1

SOLVER STAT
  solver_fwdinv =   0         0       
  ISLAND 0
    solver_niter = 1
    solver_nnz = 36
      0:  improvement =  0.0045      gradient =  2e-15       lineslope =  0       
          nactive = 17   nchange = 0   neval = 2   nupdate = 0

ENERGY =   0         0       

TIME =  6.6     

QPOS
  -0.0034  
  -0.3     
   0.69    
  -0.46    
  -0.00048 
   0.084   

QVEL
  -0.0007  
  -0.0081  
   0.016   
  -0.0036  
   0.001   
  -0.042   

QACC_WARMSTART
  -0.016   
   0.084   
  -0.062   
   0.48    
   0.41    
   0.19    

CTRL
  -0.0047  
  -0.31    
   0.7     
  -0.45    
  -0.0018  
   0.076   

QFRC_APPLIED
   0       
   0       
   0       
   0       
   0       
   0       

XFRC_APPLIED
   0         0         0         0         0         0       
   0         0         0         0         0         0       
   0         0         0         0         0         0       
   0         0         0         0         0         0       
   0         0         0         0         0         0       
   0         0         0         0         0         0       
   0         0         0         0         0         0       
   0         0         0         0         0         0       

QACC
  -0.016   
   0.084   
  -0.062   
   0.48    
   0.41    
   0.19    

TREE_ASLEEP
  -11

XPOS
   0         0         0       
   0         0         0       
   0         0         0.16    
  -0.00047  -0.14      0.16    
  -0.41     -0.0056    0.29    
  -0.77     -0.0044    0.14    
  -0.77     -0.13      0.14    
  -0.78     -0.13      0.04    

XQUAT
   1         0         0         0       
   0         0         0        -1       
  -0.0017    0         0        -1       
  -0.0014    0.59     -0.001    -0.81    
  -0.00095   0.83     -0.0014   -0.56    
  -5.9e-05   1        -0.0017   -0.035   
  -6.8e-05   1        -0.0015   -0.035   
  -5.9e-06   1        -0.0015    0.0073  

XMAT
   1         0         0         0         1         0         0         0         1       
  -1         0         0         0        -1        -0        -0         0         1       
  -1        -0.0034   -0         0.0034   -1         0         0        -0         1       
  -0.3      -0.0034   -0.96      0.001    -1         0.0033   -0.96      6.5e-19   0.3     
   0.38     -0.0034   -0.92     -0.0013   -1         0.0032   -0.92      6.5e-19  -0.38    
   1        -0.0034   -0.069    -0.0034   -1         0.00024  -0.069     6e-19    -1       
   1        -0.0029   -0.069    -0.0029   -1         0.00024  -0.069    -3.3e-05  -1       
   1        -0.0029    0.015    -0.0029   -1        -9.8e-06   0.015    -3.3e-05  -1       

XIPOS
   0         0         0       
   0         0         0       
   0         0         0.16    
  -0.2      -0.14      0.23    
  -0.59     -0.005     0.21    
  -0.77     -0.13      0.14    
  -0.78     -0.13      0.04    
  -0.78     -0.21      0.04    

XIMAT
   1         0         0         0         1         0         0         0         1       
  -1         0         0         0        -1        -0        -0         0         1       
  -1        -0.0034   -0         0.0034   -1         0         0        -0         1       
  -0.3      -0.0034   -0.96      0.001    -1         0.0033   -0.96      6.5e-19   0.3     
   0.38     -0.0034   -0.92     -0.0013   -1         0.0032   -0.92      6.5e-19  -0.38    
   1        -0.0034   -0.069    -0.0034   -1         0.00024  -0.069     6e-19    -1       
   1        -0.0029   -0.069    -0.0029   -1         0.00024  -0.069    -3.3e-05  -1       
  -0.0029   -1         0.015    -1         0.0029   -9.8e-06  -3.3e-05  -0.015    -1       

XANCHOR
   0         0         0.16    
  -0.00047  -0.14      0.16    
  -0.41     -0.0056    0.29    
  -0.77     -0.0044    0.14    
  -0.77     -0.13      0.14    
  -0.78     -0.13      0.04    

XAXIS
   0         0         1       
  -0.0034   -1         0       
  -0.0034   -1         6.5e-19 
  -0.0034   -1         5.4e-19 
  -0.069     0.00024  -1       
  -0.0029   -1        -3.3e-05 

GEOM_XPOS
   0         0         0       
  -6.7e-07   3.7e-07   0.094   
  -1.5e-07  -5e-07     0.031   
  -0.00013   0.0084    0.21    
  -0.00024  -0.069     0.16    
   4.8e-05  -0.00056   0.14    
   0         0         0.12    
  -0.2      -0.14      0.23    
  -0.29     -0.11      0.25    
  -0.2      -0.12      0.23    
  -0.2      -0.18      0.23    
  -0.00034  -0.098     0.16    
  -0.19     -0.14      0.22    
  -0.77      0.036     0.14    
  -0.59     -0.0045    0.21    
  -0.64     -0.022     0.19    
  -0.56     -0.017     0.23    
  -0.41     -0.086     0.29    
  -0.59     -0.005     0.21    
  -0.77     -0.13      0.091   
  -0.77     -0.13      0.18    
  -0.77     -0.12      0.13    
  -0.77     -0.054     0.14    
  -0.78     -0.18      0.04    
  -0.78     -0.091     0.036   
  -0.78     -0.15      0.043   
  -0.77     -0.13      0.1     
  -0.78     -0.15      0.04    
  -0.78     -0.21      0.04    
  -0.78     -0.21      0.04    

GEOM_XMAT
   1         0         0         0         1         0         0         0         1       
   1.1e-05   1         0         0         0         1         1        -1.1e-05   0       
  -9.9e-06  -0.61     -0.79      1.9e-05   0.79     -0.61      1        -2.1e-05   3.6e-06 
  -0.0003    0.99      0.17      0.32     -0.16      0.93      0.95      0.055    -0.32    
  -0.0034    0.99     -0.17     -1        -0.0034    0.00059   1.6e-05   0.17      0.99    
  -0.00055  -0.055    -1        -0.74     -0.68      0.038    -0.68      0.74     -0.04    
  -1        -0.0034   -0         0.0034   -1         0         0        -0         1       
  -0.28     -0.11     -0.96      0.35     -0.94      0.003    -0.9      -0.33      0.3     
  -0.3      -0.17     -0.94      0.0015   -0.98      0.18     -0.96      0.052     0.29    
  -0.012     0.3      -0.95     -1         0.0008    0.013     0.0045    0.96      0.3     
  -0.0036    0.3      -0.96     -1        -0.00053   0.0036    0.00056   0.96      0.3     
  -0.3      -0.96      0.0034    0.001     0.0033    1        -0.96      0.3      -5.6e-17 
  -0.3      -0.0034   -0.96      0.001    -1         0.0033   -0.96      6.5e-19   0.3     
   0.28     -0.51     -0.82     -0.95     -0.043    -0.3       0.12      0.86     -0.5     
   0.086    -0.37     -0.92     -0.97     -0.23      0.0038   -0.22      0.9      -0.38    
   0.38      0.13     -0.92     -0.0062   -0.99     -0.14     -0.92      0.06     -0.38    
   0.015    -0.38     -0.92     -1         0.0021   -0.017     0.0085    0.92     -0.38    
   0.38     -0.92      0.0034   -0.0013    0.0032    1        -0.92     -0.38      5.6e-17 
   0.38     -0.0034   -0.92     -0.0013   -1         0.0032   -0.92      6.5e-19  -0.38    
  -0.069     0.39      0.92      0.00042   0.92     -0.39     -1        -0.027    -0.064   
  -0.065    -0.99      0.1       0.3       0.077     0.95     -0.95      0.092     0.3     
  -0.059    -1         0.039     0.51      0.0032    0.86     -0.86      0.07      0.51    
   1        -0.069     0.0034   -0.0034    0.00024   1        -0.069    -1        -1.2e-16 
  -0.0029   -0.99      0.11     -1         0.0029   -0.00028  -3.3e-05  -0.11     -0.99    
   0.018    -1         0.044    -0.95     -0.03     -0.3       0.3      -0.036    -0.95    
  -0.048    -1         0.051     0.69      0.0032    0.72     -0.72      0.07      0.69    
   1        -0.0029   -0.069    -0.0029   -1         0.00024  -0.069    -3.3e-05  -1       
   1        -0.069     0.0029   -0.0029    0.00024   1        -0.069    -1         3.3e-05 
  -0.0025   -0.97      0.24     -1         0.0013   -0.0053    0.0048   -0.24     -0.97    
   1         0.015     0.0029   -0.0029   -9.8e-06   1         0.015    -1         3.3e-05 

SITE_XPOS
  -0.78     -0.23      0.04    

SITE_XMAT
   1        -0.015    -0.0029   -0.0029    9.8e-06  -1         0.015     1        -3.3e-05 

CAM_XPOS
   0         2         0.5     
   0        -2         0.5     

CAM_XMAT
  -1         0        -0        -0         0         1         0         1         0       
   1         0         0         0         0        -1         0         1         0       

LIGHT_XPOS
   0        -1         2       
   0         0         1.5     

LIGHT_XDIR
  -0.34      0.38     -0.86    
   0         0        -1       

SUBTREE_COM
  -0.24     -0.073     0.15    
  -0.24     -0.073     0.15    
  -0.3      -0.09      0.19    
  -0.38     -0.11      0.2     
  -0.69     -0.076     0.15    
  -0.77     -0.14      0.086   
  -0.78     -0.14      0.04    
  -0.78     -0.21      0.04    

CDOF
   0         0         1         0.073    -0.24      0       
  -0.0034   -1         0         0.0099   -3.4e-05  -0.24    
  -0.0034   -1         6.5e-19   0.14     -0.00046   0.16    
  -0.0034   -1         5.4e-19  -0.013     4.6e-05   0.53    
  -0.069     0.00024  -1         0.059    -0.53     -0.0042  
  -0.0029   -1        -3.3e-05  -0.11      0.00031   0.53    

CINERT
   0         0         0         0         0         0         0         0         0         0       
   0.12      0.33      0.26     -0.07      0.15      0.044     0.97      0.29     -0.61      4       
   0.03      0.23      0.24     -0.065    -0.0089   -0.0027    0.89      0.27      0.037     3.7     
   0.11      0.19      0.17      0.021     0.01      0.039     0.32     -0.54      0.61      8.4     
   0.027     0.31      0.31      0.053     0.039    -0.0094   -0.79      0.15      0.14      2.3     
   0.007     0.34      0.35     -0.038    -0.0086   -0.00096  -0.64     -0.072    -0.016     1.2     
   0.022     0.37      0.35     -0.038    -0.074    -0.0081   -0.65     -0.072    -0.14      1.2     
   0.006     0.056     0.058    -0.014    -0.011    -0.0029   -0.1      -0.026    -0.021     0.19    

ACTUATOR_LENGTH
  -0.0034  
  -0.3     
   0.69    
  -0.46    
  -0.00048 
   0.084   

actuator_moment
--------
 x      |
  x     |
   x    |
    x   |
     x  |
      x |
--------

ACTUATOR_MOMENT
     0:  1       
     1:  1       
     2:  1       
     3:  1       
     4:  1       
     5:  1       

CRB
   0         0         0         0         0         0         0         0         0         0       
   0.32      1.8       1.7      -0.15      0.094     0.06     -6.7e-16   5.6e-17   3.3e-16   21      
   0.2       1.5       1.5      -0.08     -0.054     0.015    -0.97     -0.29      0.61      17      
   0.17      1.3       1.2      -0.015    -0.045     0.018    -1.9      -0.56      0.58      13      
   0.062     1.1       1.1      -0.037    -0.055    -0.021    -2.2      -0.015    -0.036     4.9     
   0.035     0.76      0.76     -0.09     -0.094    -0.012    -1.4      -0.17     -0.18      2.6     
   0.028     0.42      0.41     -0.052    -0.085    -0.011    -0.75     -0.097    -0.16      1.4     
   0.006     0.056     0.058    -0.014    -0.011    -0.0029   -0.1      -0.026    -0.021     0.19    

QM
   3.2     
  -0.045     3       
   0.076     1.1       0.69    
   0.02      0.03      0.044     0.12    
  -0.0054   -0.0026   -0.004    -0.0015    0.1     
  -4.4e-09   0.00013   0.00013   0.00013   7.4e-20   0.1     

M
     0:  3.2     
     0: -0.045      1:  3       
     0:  0.076      1:  1.1        2:  0.69    
     0:  0.02       1:  0.03       2:  0.044      3:  0.12    
     0: -0.0054     1: -0.0026     2: -0.004      3: -0.0015     4:  0.1     
     0: -4.4e-09    1:  0.00013    2:  0.00013    3:  0.00013    4:  7.4e-20    5:  0.1     

QLD
     0:  3.1     
     0: -0.11       1:  1.4     
     0:  0.1        1:  1.6        2:  0.67    
     0:  0.17       1:  0.25       2:  0.37       3:  0.12    
     0: -0.052      1: -0.025      2: -0.039      3: -0.014      4:  0.1     
     0: -4.4e-08    1:  0.0013     2:  0.0013     3:  0.0013     4:  7.4e-19    5:  0.1     

QLDIAGINV
   0.32    
   0.72    
   1.5     
   8.4     
   9.7     
   10      

M: inertia structure
--------
 x      |
 xx     |
 xxx    |
 xxxx   |
 xxxxx  |
 xxxxxx |
--------

iM: block-diagonal inertia (nnzs are island ids)
--------
 0      |
 00     |
 000    |
 0000   |
 00000  |
 000000 |
--------

QH
     0:  4       
     0: -0.032      1:  3.1     
     0:  0.049      1:  0.71       2:  1.5     
     0:  0.063      1:  0.094      2:  0.14       3:  0.32    
     0: -0.018      1: -0.0085     2: -0.013      3: -0.0048     4:  0.3     
     0: -1.5e-08    1:  0.00044    2:  0.00044    3:  0.00044    4:  2.5e-19    5:  0.3     

QHDIAGINV
   0.25    
   0.33    
   0.67    
   3.1     
   3.3     
   3.3     

TREE_AWAKE
  1

BODY_AWAKE
  -1 -1 1 1 1 1 1 1

BODY_AWAKE_IND
  0 1 2 3 4 5 6 7

PARENT_AWAKE_IND
  1 2 3 4 5 6 7

DOF_AWAKE_IND
  0 1 2 3 4 5

QDERIV
     0: -4e+02      1:  0          2:  0          3:  0          4:  0          5:  0       
     0:  0          1: -4e+02      2:  0          3:  0          4:  0          5:  0       
     0:  0          1:  0          2: -4e+02      3:  0          4:  0          5:  0       
     0:  0          1:  0          2:  0          3: -1e+02      4:  0          5:  0       
     0:  0          1:  0          2:  0          3:  0          4: -1e+02      5:  0       
     0:  0          1:  0          2:  0          3:  0          4:  0          5: -1e+02   

CONTACT
  0:
     dim           3
     geoms         floor : 26
     exclude       0
     efc_address   0
     solref         0.02      1       
     solimp         0.9       0.95      0.001     0.5       2       
     dist          -6.9e-05 
     includemargin  0       
     pos           -0.78     -0.13     -3.4e-05 
     frame          0         0         1        -1         0.0034    0        -0.0034   -1         0       
     friction       1         1         0.005     0.0001    0.0001  
     mu             1       
     force          10        6.2       1.6       0         0         0       
  1:
     dim           3
     geoms         floor : 27
     exclude       0
     efc_address   4
     solref         0.02      1       
     solimp         0.9       0.95      0.001     0.5       2       
     dist          -6.8e-05 
     includemargin  0       
     pos           -0.78     -0.11     -3.4e-05 
     frame          0         0         1         0.0029    1         0        -1         0.0029    0       
     friction       1         1         0.005     0.0001    0.0001  
     mu             1       
     force          10       -1.6       6.4       0         0         0       
  2:
     dim           3
     geoms         floor : 27
     exclude       0
     efc_address   8
     solref         0.02      1       
     solimp         0.9       0.95      0.001     0.5       2       
     dist          -7.1e-05 
     includemargin  0       
     pos           -0.78     -0.19     -3.5e-05 
     frame          0         0         1         0.0029    1         0        -1         0.0029    0       
     friction       1         1         0.005     0.0001    0.0001  
     mu             1       
     force          10       -1.6       5.9       0         0         0       
  3:
     dim           3
     geoms         floor : 29
     exclude       0
     efc_address   12
     solref         0.02      1       
     solimp         0.9       0.95      0.001     0.5       2       
     dist          -7.2e-05 
     includemargin  0       
     pos           -0.78     -0.23     -3.6e-05 
     frame          0         0         1         0         1         0        -1         0         0       
     friction       1         1         0.005     0.0001    0.0001  
     mu             1       
     force          7.6      -1.5       2.5       0         0         0       
  4:
     dim           3
     geoms         floor : 29
     exclude       0
     efc_address   16
     solref         0.02      1       
     solimp         0.9       0.95      0.001     0.5       2       
     dist          -7.1e-05 
     includemargin  0       
     pos           -0.78     -0.19     -3.5e-05 
     frame          0         0         1         0         1         0        -1         0         0       
     friction       1         1         0.005     0.0001    0.0001  
     mu             1       
     force          7.5      -1.5       3         0         0         0       

EFC_TYPE
  6
  6
  6
  6
  6
  6
  6
  6
  6
  6
  6
  6
  6
  6
  6
  6
  6
  6
  6
  6

EFC_ID
  0
  0
  0
  0
  1
  1
  1
  1
  2
  2
  2
  2
  3
  3
  3
  3
  4
  4
  4
  4

EFC_J
  -0.13     -0.94     -0.66     -0.15      4.6e-18   0       
   0.13     -0.61     -0.08      0.13     -2.8e-18   0       
   0.78     -0.78     -0.37     -0.0069    0.0028    0       
  -0.78     -0.78     -0.37     -0.0069   -0.0028    0       
  -0.78     -0.78     -0.37     -0.007    -0.0042    0       
   0.78     -0.78     -0.37     -0.0069    0.0014    0       
  -0.11     -0.94     -0.66     -0.15     -0.021     0       
   0.11     -0.61     -0.08      0.13      0.019     0       
  -0.78     -0.78     -0.37     -0.007     0.0014    0       
   0.78     -0.78     -0.37     -0.0068    0.0069    0       
  -0.19     -0.94     -0.66     -0.15      0.064     0       
   0.19     -0.61     -0.08      0.13     -0.056     0       
  -0.78     -0.78     -0.37     -0.0074    0.0045   -0.00012 
   0.78     -0.77     -0.37     -0.0064    0.0094    0.00012 
  -0.23     -0.94     -0.66     -0.15      0.11     -0.04    
   0.23     -0.61     -0.08      0.13     -0.093     0.04    
  -0.78     -0.78     -0.37     -0.0074    0.0016   -0.00012 
   0.78     -0.77     -0.37     -0.0064    0.0068    0.00012 
  -0.19     -0.94     -0.66     -0.15      0.064    -0.04    
   0.19     -0.61     -0.08      0.13     -0.056     0.04    

IEFC_J
  -0.13     -0.94     -0.66     -0.15      4.6e-18   0       
   0.13     -0.61     -0.08      0.13     -2.8e-18   0       
   0.78     -0.78     -0.37     -0.0069    0.0028    0       
  -0.78     -0.78     -0.37     -0.0069   -0.0028    0       
  -0.78     -0.78     -0.37     -0.007    -0.0042    0       
   0.78     -0.78     -0.37     -0.0069    0.0014    0       
  -0.11     -0.94     -0.66     -0.15     -0.021     0       
   0.11     -0.61     -0.08      0.13      0.019     0       
  -0.78     -0.78     -0.37     -0.007     0.0014    0       
   0.78     -0.78     -0.37     -0.0068    0.0069    0       
  -0.19     -0.94     -0.66     -0.15      0.064     0       
   0.19     -0.61     -0.08      0.13     -0.056     0       
  -0.78     -0.78     -0.37     -0.0074    0.0045   -0.00012 
   0.78     -0.77     -0.37     -0.0064    0.0094    0.00012 
  -0.23     -0.94     -0.66     -0.15      0.11     -0.04    
   0.23     -0.61     -0.08      0.13     -0.093     0.04    
  -0.78     -0.78     -0.37     -0.0074    0.0016   -0.00012 
   0.78     -0.77     -0.37     -0.0064    0.0068    0.00012 
  -0.19     -0.94     -0.66     -0.15      0.064    -0.04    
   0.19     -0.61     -0.08      0.13     -0.056     0.04    

EFC_POS
  -6.9e-05 
  -6.9e-05 
  -6.9e-05 
  -6.9e-05 
  -6.8e-05 
  -6.8e-05 
  -6.8e-05 
  -6.8e-05 
  -7.1e-05 
  -7.1e-05 
  -7.1e-05 
  -7.1e-05 
  -7.2e-05 
  -7.2e-05 
  -7.2e-05 
  -7.2e-05 
  -7.1e-05 
  -7.1e-05 
  -7.1e-05 
  -7.1e-05 

EFC_MARGIN
   0       
   0       
   0       
   0       
   0       
   0       
   0       
   0       
   0       
   0       
   0       
   0       
   0       
   0       
   0       
   0       
   0       
   0       
   0       
   0       

EFC_FRICTIONLOSS
   0       
   0       
   0       
   0       
   0       
   0       
   0       
   0       
   0       
   0       
   0       
   0       
   0       
   0       
   0       
   0       
   0       
   0       
   0       
   0       

EFC_DIAGAPPROX
   0.72    
   0.72    
   0.72    
   0.72    
   0.72    
   0.72    
   0.72    
   0.72    
   0.72    
   0.72    
   0.72    
   0.72    
   0.81    
   0.81    
   0.81    
   0.81    
   0.81    
   0.81    
   0.81    
   0.81    

EFC_KBIP
   2.8e+03   1.1e+02   0.9      -14      
   2.8e+03   1.1e+02   0.9      -14      
   2.8e+03   1.1e+02   0.9      -14      
   2.8e+03   1.1e+02   0.9      -14      
   2.8e+03   1.1e+02   0.9      -14      
   2.8e+03   1.1e+02   0.9      -14      
   2.8e+03   1.1e+02   0.9      -14      
   2.8e+03   1.1e+02   0.9      -14      
   2.8e+03   1.1e+02   0.9      -14      
   2.8e+03   1.1e+02   0.9      -14      
   2.8e+03   1.1e+02   0.9      -14      
   2.8e+03   1.1e+02   0.9      -14      
   2.8e+03   1.1e+02   0.9      -14      
   2.8e+03   1.1e+02   0.9      -14      
   2.8e+03   1.1e+02   0.9      -14      
   2.8e+03   1.1e+02   0.9      -14      
   2.8e+03   1.1e+02   0.9      -14      
   2.8e+03   1.1e+02   0.9      -14      
   2.8e+03   1.1e+02   0.9      -14      
   2.8e+03   1.1e+02   0.9      -14      

EFC_D
   12      
   12      
   12      
   12      
   12      
   12      
   12      
   12      
   12      
   12      
   12      
   12      
   11      
   11      
   11      
   11      
   11      
   11      
   11      
   11      

EFC_R
   0.08    
   0.08    
   0.08    
   0.08    
   0.08    
   0.08    
   0.08    
   0.08    
   0.08    
   0.08    
   0.08    
   0.08    
   0.089   
   0.089   
   0.089   
   0.089   
   0.089   
   0.089   
   0.089   
   0.089   

ACTUATOR_VELOCITY
  -0.00067 
  -0.0082  
   0.016   
  -0.0039  
   0.00077 
  -0.042   

CVEL
   0         0         0         0         0         0       
   0         0         0         0         0         0       
   0         0        -0.00067  -4.9e-05   0.00016   0       
   2.8e-05   0.0082   -0.00067  -0.00013   0.00016   0.002   
  -2.6e-05  -0.0077   -0.00067   0.002     0.00015   0.0046  
  -1.3e-05  -0.0038   -0.00067   0.0021    0.00015   0.0025  
  -6.6e-05  -0.0038   -0.0014    0.0021   -0.00025   0.0025  
   5.7e-05   0.038    -0.0014    0.0069   -0.00026  -0.02    

CDOF_DOT
   0         0         0         0         0         0       
  -0.00067   2.3e-06   0        -2.3e-08  -6.6e-06   4.9e-05 
  -0.00067   2.3e-06   3.4e-21   0.0033   -0.0001   -0.00098 
  -0.00067   2.3e-06   1.7e-20   0.00052   7.2e-06  -0.0021  
   0.0038    3.4e-05  -0.00026  -0.00049   0.0019    0.00024 
  -0.0014    4.2e-06   5.5e-05   0.00049   0.00019  -0.0026  

QFRC_BIAS
   4.5e-05 
  -50      
  -13      
  -0.096   
   0.0099  
  -4.7e-12 

QFRC_SPRING
   0       
   0       
   0       
   0       
   0       
   0       

QFRC_DAMPER
   0       
   0       
   0       
   0       
   0       
   0       

QFRC_GRAVCOMP
   0       
   0       
   0       
   0       
   0       
   0       

QFRC_FLUID
   0       
   0       
   0       
   0       
   0       
   0       

QFRC_PASSIVE
   0       
   0       
   0       
   0       
   0       
   0       

EFC_VEL
  -0.0021  
   0.0031  
  -2.1e-05 
   0.001   
   0.001   
  -2.1e-05 
  -0.0022  
   0.0031  
   0.001   
  -1.6e-05 
  -0.002   
   0.003   
   0.001   
  -1.2e-05 
  -0.0003  
   0.0013  
   0.001   
  -1.4e-05 
  -0.00036 
   0.0014  

EFC_AREF
   0.39    
  -0.16    
   0.17    
   0.065   
   0.063   
   0.17    
   0.4     
  -0.16    
   0.069   
   0.18    
   0.39    
  -0.14    
   0.073   
   0.18    
   0.21    
   0.042   
   0.07    
   0.18    
   0.21    
   0.033   

SUBTREE_LINVEL
   0         0         0       
   0         0         0       
   0         0         0       
   0         0         0       
   0         0         0       
   0         0         0       
   0         0         0       
   0         0         0       

SUBTREE_ANGMOM
   0         0         0       
   0         0         0       
   0         0         0       
   0         0         0       
   0         0         0       
   0         0         0       
   0         0         0       
   0         0         0       

ACTUATOR_FORCE
  -2.3     
  -10      
   10      
   3.6     
  -0.73    
   0.24    

QFRC_ACTUATOR
  -2.3     
  -10      
   10      
   3.6     
  -0.73    
   0.24    

QFRC_SMOOTH
  -2.3     
   40      
   24      
   3.7     
  -0.74    
   0.24    

QACC_SMOOTH
  -1.5     
   2.5     
   30      
   20      
  -5.7     
   2.3     

EFC_B
  -25      
  -1.3     
  -14      
  -12      
  -12      
  -14      
  -25      
  -1.4     
  -12      
  -14      
  -25      
  -1.1     
  -12      
  -14      
  -25      
  -1.1     
  -12      
  -14      
  -25      
  -1.2     

EFC_FORCE
   6.2     
   0       
   2.9     
   1.2     
   1.2     
   2.9     
   6.4     
   0       
   1.3     
   2.9     
   5.9     
   0       
   1.2     
   2.6     
   3.1     
   0.66    
   1.1     
   2.6     
   3.4     
   0.38    

EFC_STATE
  1
  1
  1
  1
  1
  1
  1
  1
  1
  1
  1
  1
  1
  1
  1
  1
  1
  1
  1
  1

QFRC_CONSTRAINT
   2.3     
  -39      
  -24      
  -3.7     
   0.78    
  -0.22    

QFRC_INVERSE
   0       
   0       
   0       
   0       
   0       
   0       

CACC
   0         0         0         0         0         0       
   0         0         0         0         0         0       
   0         0         0         0         0         0       
   0         0         0         0         0         0       
   0         0         0         0         0         0       
   0         0         0         0         0         0       
   0         0         0         0         0         0       
   0         0         0         0         0         0       

CFRC_INT
   0         0         0         0         0         0       
   0         0         0         0         0         0       
   0         0         0         0         0         0       
   0         0         0         0         0         0       
   0         0         0         0         0         0       
   0         0         0         0         0         0       
   0         0         0         0         0         0       
   0         0         0         0         0         0       

CFRC_EXT
   0         0         0         0         0         0       
   0         0         0         0         0         0       
   0         0         0         0         0         0       
   0         0         0         0         0         0       
   0         0         0         0         0         0       
   0         0         0         0         0         0       
   0         0         0         0         0         0       
   0         0         0         0         0         0       

TREE_ISLAND
  0

ISLAND_NTREE
  1

ISLAND_ITREEADR
  0

MAP_ITREE2TREE
  0

DOF_ISLAND            0 0 0 0 0 0

ISLAND_NV             6

ISLAND_IDOFADR        0

MAP_IDOF2DOF          0 1 2 3 4 5

EFC_ISLAND            0 0 0 0 0 0 0 0 0 0 0 0 0 0 0 0 0 0 0 0

ISLAND_NEFC           20

ISLAND_IEFCADR        0

MAP_IEFC2EFC          0 1 2 3 4 5 6 7 8 9 10 11 12 13 14 15 16 17 18 19

